0 0.6648582175925926 0.32513020833333334 0.3192997685185186 0.26336805555555554
0 0.2655164930555555 0.18978949652777777 0.5154803240740741 0.37957899305555554
0 0.7000506365740741 0.03919270833333333 0.35713252314814814 0.07838541666666667
0 0.8649088541666667 0.12910156250000002 0.19603587962962976 0.17612847222222222
0 0.39836516203703703 0.5633029513888889 0.43424479166666663 0.2645833333333334
0 0.7503255208333333 0.539822048611111 0.17144097222222232 0.1069010416666667
0 0.9166666666666667 0.4383463541666667 0.16666666666666652 0.13593750000000004
0 0.9752423321759259 0.33836805555555555 0.04951533564814814 0.07113715277777777
0 0.7530381944444444 0.7483940972222223 0.16847511574074092 0.09314236111111107
0 0.5855396412037037 0.6960720486111112 0.20703125 0.11432291666666661
0 0.5257523148148149 0.7751519097222221 0.09389467592592599 0.058680555555555625
0 0.3464988425925926 0.8154513888888889 0.2133246527777778 0.12044270833333326
0 0.8333695023148149 0.7879340277777778 0.10980902777777768 0.06328124999999996
0 0.7368706597222222 0.8343532986111111 0.14373553240740744 0.07452256944444446
0 0.4854239004629629 0.8523871527777778 0.26482928240740744 0.13246527777777772
0 0.9025426793981481 0.8268880208333333 0.19491464120370372 0.11788194444444455
0 0.6487268518518519 0.6099826388888889 0.15075231481481488 0.09040798611111112
0 0.7821180555555556 0.6383463541666666 0.07407407407407396 0.053906250000000044
0 0.05873842592592592 0.39615885416666663 0.06770833333333333 0.12565104166666674