0 0.3687065972222222 0.5257884837962963 0.0737123842592593 0.05150462962962976
0 0.1189380787037037 0.7877242476851851 0.17553530092592592 0.19574652777777768
0 0.19446614583333333 0.8675853587962963 0.09509548611111107 0.1147280092592593
0 0.3306929976851852 0.7243561921296297 0.10250289351851849 0.10134548611111116
0 0.428125 0.7533275462962963 0.10428240740740735 0.09555844907407396
0 0.5647931134259259 0.7896050347222222 0.08411458333333321 0.07335069444444442
0 0.47902199074074076 0.8908058449074074 0.10083912037037035 0.11103877314814814
0 0.33759403935185184 0.8914207175925926 0.11095196759259252 0.1231192129629628
0 0.38882378472222223 0.9707935474537037 0.13265335648148147 0.05841290509259256
0 0.6210720486111112 0.9648075810185186 0.13742766203703694 0.0703848379629628
0 0.4699074074074074 0.5831886574074074 0.04814814814814816 0.04470486111111116
0 0.43287760416666665 0.5515769675925926 0.03780381944444444 0.02481192129629628
0 0.540842013888889 0.5409432870370371 0.17035590277777773 0.15263310185185186
0 0.7745732060185185 0.7583550347222223 0.3515046296296296 0.2744502314814814
0 0.9238570601851852 0.9390914351851851 0.14904513888888893 0.12181712962962976