0 0.3267144097222222 0.4726924189814815 0.11096643518518512 0.09968171296296302
0 0.34649884259259256 0.572193287037037 0.08065682870370372 0.0712528935185186
0 0.45768229166666663 0.5274160879629629 0.07038483796296302 0.05721932870370372
0 0.5640552662037037 0.506908275462963 0.07233796296296302 0.057291666666666574
0 0.5670211226851851 0.6380570023148149 0.07269965277777768 0.06705729166666652
0 0.6953125 0.6330295138888888 0.06720196759259256 0.07660590277777768
0 0.4663628472222222 0.34584780092592593 0.16362847222222232 0.15234375
0 0.504955150462963 0.17516637731481483 0.11458333333333343 0.14467592592592593
0 0.876048900462963 0.9018012152777778 0.16775173611111116 0.10568576388888884
0 0.4828920717592593 0.8236762152777777 0.11154513888888884 0.06264467592592604
0 0.3259548611111111 0.7308304398148149 0.07002314814814814 0.04745370370370372
0 0.2451171875 0.8011791087962963 0.06843171296296291 0.0571469907407407
0 0.1904296875 0.7463469328703705 0.058666087962962965 0.05678530092592604
0 0.11060474537037036 0.7101417824074074 0.10199652777777776 0.06814236111111116
0 0.2123480902777778 0.629810474537037 0.10069444444444442 0.08564814814814836
0 0.3228081597222222 0.6837745949074074 0.05627893518518512 0.0449942129629628
0 0.7271050347222222 0.7779586226851851 0.06025752314814814 0.04709201388888884