0 0.6131510416666667 0.14709201388888887 0.29869791666666656 0.24500868055555558
0 0.6860026041666667 0.46119791666666665 0.22447916666666679 0.12486979166666679
0 0.8042317708333333 0.5450737847222222 0.1903645833333334 0.08051215277777768
0 0.8305989583333333 0.617361111111111 0.13059895833333335 0.06032986111111116
0 0.7610026041666667 0.6606119791666667 0.11250000000000004 0.05173611111111098
0 0.7201171875 0.6937717013888889 0.1001302083333333 0.04144965277777768
0 0.7935546875 0.7228298611111111 0.07057291666666665 0.03624131944444442
0 0.48997395833333335 0.5766710069444445 0.13098958333333321 0.06618923611111116
0 0.5016276041666666 0.6192491319444444 0.0951822916666667 0.05486111111111125
0 0.6048177083333333 0.6538411458333333 0.08072916666666652 0.04253472222222232
0 0.45390624999999996 0.6674045138888889 0.09661458333333339 0.04713541666666665
0 0.3959635416666667 0.6356987847222222 0.0688802083333333 0.04006076388888902
0 0.07766927083333333 0.2982204861111111 0.12278645833333335 0.11840277777777775