0 0.791015625 0.4111328125 0.0703125 0.06861979166666665
0 0.6474609375 0.5797960069444444 0.259765625 0.13844039351851856
0 0.125 0.4447410300925926 0.25 0.34879918981481484
0 0.025390625 0.20747974537037037 0.05078125 0.22957175925925927
0 0.486328125 0.15193865740740742 0.41796875 0.30387731481481484
0 0.7119140625 0.2185546875 0.091796875 0.09333043981481481
0 0.515625 0.42842881944444444 0.14453125 0.11403356481481475
0 0.3623046875 0.3818504050925926 0.068359375 0.05483217592592593
0 0.3583984375 0.595949074074074 0.068359375 0.05873842592592604
0 0.708984375 0.4687282986111111 0.123046875 0.0951822916666667
0 0.7099609375 0.3895688657407408 0.052734375 0.046093750000000044
0 0.8056640625 0.2735460069444444 0.06640625 0.07034143518518518
0 0.7333984375 0.12450810185185186 0.072265625 0.0745949074074074
0 0.4228515625 0.6770905671296297 0.17578125 0.08854166666666652