0 0.0677951388888889 0.5858289930555556 0.1158275462962963 0.08519965277777786
0 0.377293113425926 0.5898220486111111 0.055034722222222276 0.04930555555555549
0 0.6021990740740741 0.7716362847222222 0.0883825231481481 0.0703125
0 0.6885923032407407 0.7051866319444444 0.09210069444444446 0.04509548611111125
0 0.6422887731481481 0.6484592013888889 0.05494791666666665 0.03758680555555549
0 0.5500578703703703 0.717578125 0.053009259259259256 0.03945312500000009
0 0.49244791666666665 0.45240885416666665 0.09234664351851851 0.07829861111111103
0 0.3951750578703703 0.3680338541666667 0.1688802083333334 0.13051215277777772
0 0.6235170717592593 0.4865451388888889 0.047149884259259256 0.039192708333333326
0 0.6664568865740741 0.3527560763888889 0.20978009259259256 0.1167100694444444
0 0.6699363425925926 0.1635199652777778 0.1928964120370371 0.20967881944444444
0 0.7483651620370371 0.4715928819444445 0.13166956018518516 0.11519097222222219