0 0.45536747685185186 0.7483072916666667 0.23075810185185186 0.1283854166666667
0 0.6981336805555556 0.8852864583333333 0.13939525462962976 0.13398437500000004
0 0.6036241319444444 0.6744140625 0.11971932870370372 0.076171875
0 0.5668764467592593 0.6027994791666667 0.095703125 0.05898437500000009
0 0.45619936342592593 0.6392578125 0.09765625 0.059114583333333304
0 0.43684895833333337 0.5376302083333333 0.08731192129629628 0.042838541666666785
0 0.632884837962963 0.517578125 0.16572627314814836 0.055859375000000044
0 0.7424768518518519 0.55703125 0.10120081018518512 0.049609374999999956
0 0.5404369212962963 0.467578125 0.08897569444444442 0.03515625
0 0.10781973379629631 0.6754557291666667 0.1616753472222222 0.10429687500000018
0 0.15483940972222224 0.6035807291666666 0.1032986111111111 0.05364583333333339
0 0.20099103009259262 0.5608723958333334 0.115234375 0.06028645833333335
0 0.2608506944444444 0.49374999999999997 0.06929976851851857 0.02994791666666663
0 0.32396556712962965 0.4619140625 0.0712528935185186 0.030078124999999956
0 0.27759693287037035 0.41985677083333334 0.11060474537037043 0.040494791666666696
0 0.4046947337962963 0.37962239583333335 0.10460069444444442 0.03619791666666661
0 0.36555989583333337 0.4013671875 0.06720196759259256 0.025911458333333304
0 0.5221354166666667 0.4205729166666667 0.059389467592592615 0.025390625