0 0.7693504050925926 0.40755208333333337 0.23025173611111116 0.15308159722222214
0 0.5525535300925926 0.28193721064814814 0.1850260416666667 0.14589120370370368
0 0.7023365162037036 0.13372395833333334 0.16927083333333348 0.18052662037037037
0 0.3408564814814815 0.015393518518518518 0.12311921296296302 0.030787037037037036
0 0.8468171296296296 0.5245804398148148 0.09143518518518512 0.07096354166666657
0 0.9339048032407407 0.5630787037037037 0.09699074074074066 0.06527777777777777
0 0.6567274305555555 0.5556423611111112 0.14056712962962958 0.07826967592592604
0 0.767064525462963 0.5709563078703703 0.08456307870370372 0.05125868055555571
0 0.7772569444444445 0.6166232638888889 0.05075231481481479 0.0385561342592593
0 0.27076822916666665 0.44971064814814815 0.09618055555555552 0.04965277777777777
0 0.06748408564814816 0.3960720486111111 0.08247974537037037 0.08629918981481477