0 0.40054976851851853 0.2060474537037037 0.2504484953703703 0.21469907407407407
0 0.4545283564814815 0.5120442708333334 0.1948784722222221 0.11860532407407409
0 0.39231047453703705 0.6199580439814815 0.1547743055555555 0.08315972222222223
0 0.3954282407407408 0.6922309027777778 0.10708912037037033 0.055468749999999956
0 0.49628906250000004 0.6363498263888889 0.13501157407407405 0.07520254629629619
0 0.6308376736111111 0.5641203703703703 0.10714699074074074 0.05742187500000018
0 0.6388599537037036 0.6042100694444444 0.08738425925925908 0.04946469907407414
0 0.5762586805555556 0.6662326388888888 0.055613425925925775 0.03165509259259247
0 0.4624421296296296 0.7132306134259259 0.07922453703703702 0.03768807870370372
0 0.5001012731481481 0.7320601851851851 0.08313078703703702 0.03771701388888893
0 0.8601924189814815 0.19871238425925924 0.11439525462962963 0.10434027777777777
0 0.45360966435185185 0.7776041666666667 0.057566550925925886 0.0316695601851853
0 0.6866608796296296 0.6358072916666666 0.08330439814814805 0.04357638888888893