0 0.3427806712962963 0.6828342013888888 0.47543402777777777 0.37119502314814806
0 0.2544415509259259 0.47237413194444444 0.08566261574074074 0.05912905092592591
0 0.26881510416666665 0.9244936342592592 0.17397280092592593 0.14175347222222223
0 0.7074942129629629 0.6544343171296296 0.17702546296296306 0.17892071759259265
0 0.8004991319444444 0.7914496527777778 0.11974826388888893 0.1557581018518519
0 0.9018156828703704 0.7141637731481482 0.15732060185185182 0.17248263888888893
0 0.8736038773148148 0.5537254050925926 0.19017650462962954 0.16174768518518512
0 0.8794053819444445 0.4350405092592593 0.24118923611111098 0.20277777777777772
0 0.7073784722222223 0.3866247106481482 0.1044560185185186 0.10066550925925921
0 0.7472583912037036 0.3140914351851852 0.14748263888888902 0.10389178240740737
0 0.6216941550925926 0.4966796875 0.18104745370370368 0.18294270833333326
0 0.4736400462962963 0.4150535300925926 0.08848379629629632 0.08848379629629632
0 0.9795572916666666 0.6460431134259259 0.040885416666666785 0.15603298611111116
0 0.5713324652777778 0.7102719907407407 0.09348958333333335 0.12570891203703694